-111.002100 44.411620
-111.013762 44.427960
-111.028347 44.450420
-111.037093 44.462680
-111.045856 44.479020
-111.043016 44.493340
-111.057576 44.509670
-111.051871 44.532180
-111.034555 44.550620
-111.017248 44.571100
-111.005747 44.593620
-110.979744 44.614120
-110.947927 44.630550
-110.927705 44.646950
-110.898753 44.655190
-110.863988 44.659350
-110.837935 44.667590
-110.814814 44.683990
-110.785828 44.684050
-110.765513 44.677960
-110.742283 44.667780
-110.722044 44.680090
-110.704695 44.690350
-110.684430 44.696530
-110.661234 44.694530
-110.643800 44.684340
-110.629341 44.692550
-110.617747 44.692580
-110.617789 44.702800
-110.617840 44.715070
-110.609228 44.735540
-110.591837 44.735570
-110.577395 44.747880
-110.562919 44.751990
-110.551359 44.760200
-110.533976 44.762280
-110.516601 44.766400
-110.496320 44.768490
-110.476056 44.774670
-110.461588 44.780830
-110.444197 44.780860
-110.429755 44.793170
-110.403677 44.795270
-110.389184 44.795290
-110.374666 44.789190
-110.363022 44.776940
-110.357174 44.764680
-110.342665 44.760620
-110.322341 44.752480
-110.290458 44.752550
-110.275940 44.746440
-110.252701 44.734220
-110.232369 44.724040
-110.217826 44.711800
-110.203275 44.697510
-110.185825 44.683240
-110.182842 44.662790
-110.188572 44.646420
-110.176928 44.634170
-110.156630 44.632170
-110.136306 44.624030
-110.136256 44.611760
-110.141977 44.593340
-110.133223 44.579050
-110.141868 44.566760
-110.162107 44.554450
-110.179448 44.542140
-110.190983 44.527800
-110.199645 44.519600
-110.214130 44.517530
-110.237310 44.515440
-110.251794 44.513360
-110.257532 44.499030
-110.257465 44.482680
-110.257406 44.468360
-110.263144 44.454040
-110.271773 44.437660
-110.271705 44.421300
-110.271630 44.402890
-110.280283 44.392650
-110.303438 44.384420
-110.332423 44.384370
-110.341085 44.376170
-110.352629 44.363870
-110.367113 44.361800
-110.372910 44.361790
-110.390251 44.349480
-110.407608 44.341260
-110.424974 44.335090
-110.436543 44.328930
-110.451044 44.330950
-110.465537 44.330920
-110.474199 44.322720
-110.485734 44.308380
-110.500202 44.302220
-110.520458 44.294000
-110.532001 44.281700
-110.534841 44.267380
-110.546410 44.261230
-110.563801 44.261190
-110.572497 44.261170
-110.592770 44.257040
-110.601448 44.252930
-110.613043 44.252910
-110.633299 44.244690
-110.650648 44.234430
-110.673794 44.224160
-110.699847 44.215920
-110.723027 44.213830
-110.749088 44.207640
-110.775167 44.205540
-110.798363 44.207540
-110.815780 44.213640
-110.838993 44.219730
-110.856410 44.225830
-110.882547 44.238040
-110.897073 44.246190
-110.914506 44.256380
-110.931964 44.272710
-110.949423 44.289030
-110.958169 44.301280
-110.966940 44.319670
-110.972821 44.340110
-110.978694 44.358500
-110.987440 44.370750
-110.990389 44.383020
-110.993346 44.397330
-111.002100 44.411620
